-2   -1.01212   1.93825
-1.9   -1.00319   1.82507
-1.8   -0.995313   1.71844
-1.7   -0.983938   1.59981
-1.6   -0.987313   1.5119
-1.5   -0.96975   1.38975
-1.4   -0.948375   1.28083
-1.3   -0.933562   1.16927
-1.2   -0.885813   1.01453
-1.1   -0.890813   0.938231
-1   -0.860563   0.822437
-0.9   -0.810187   0.698681
-0.8   -0.77675   0.5978
-0.7   -0.714063   0.481381
-0.6   -0.661687   0.382687
-0.5   -0.592313   0.281344
-0.4   -0.494812   0.192875
-0.3   -0.3625   0.10545
-0.2   -0.280687   0.0538625
-0.1   -0.15675   0.0157
6.38378e-16   -0.0025   -2.55351e-18
0.1   0.142813   0.0139438
0.2   0.259562   0.0517875
0.3   0.408375   0.120038
0.4   0.484875   0.18685
0.5   0.569438   0.275281
0.6   0.686625   0.397725
0.7   0.69625   0.4655
0.8   0.780188   0.59945
0.9   0.812813   0.703519
1   0.872875   0.833125
1.1   0.881   0.9328
1.2   0.93375   1.0779
1.3   0.943   1.17455
1.4   0.955375   1.28293
1.5   0.977625   1.40381
1.6   0.975125   1.4942
1.7   1.00206   1.63232
1.8   0.974562   1.67749
1.9   1.02487   1.86699
2   1.01919   1.95613
